0.000000;0.000000;0.000000
0.000000;0.000000;0.000000
0.000000;0.000000;0.000000
0.000000;0.000000;0.000000
-38.146168;9.675906;92.025917
-39.743122;9.112497;92.852180
0.000000;0.000000;0.000000
0.000000;0.000000;0.000000
0.000000;0.000000;0.000000
0.000000;0.000000;0.000000
0.000000;0.000000;0.000000
27.586321;-0.958215;194.389740
0.000000;0.000000;0.000000
0.000000;0.000000;0.000000
0.000000;0.000000;0.000000
1.138587;-2.953449;15.122539
0.000000;0.000000;0.000000
0.000000;0.000000;0.000000
0.000000;0.000000;0.000000
0.000000;0.000000;0.000000
24.089886;12.003027;69.830353
0.000000;0.000000;0.000000
0.000000;0.000000;0.000000
2.687975;-2.042010;15.335360
0.000000;0.000000;0.000000
0.000000;0.000000;0.000000
-4.804038;2.939298;12.402252
0.000000;0.000000;0.000000
0.000000;0.000000;0.000000
0.000000;0.000000;0.000000
0.000000;0.000000;0.000000
0.000000;0.000000;0.000000
0.000000;0.000000;0.000000
0.000000;0.000000;0.000000
0.000000;0.000000;0.000000
0.000000;0.000000;0.000000
0.000000;0.000000;0.000000
0.000000;0.000000;0.000000
0.000000;0.000000;0.000000
0.000000;0.000000;0.000000
0.000000;0.000000;0.000000
0.000000;0.000000;0.000000
0.714953;-1.486983;14.752201
0.000000;0.000000;0.000000
-43.389210;16.282709;106.411819
0.000000;0.000000;0.000000
0.000000;0.000000;0.000000
0.000000;0.000000;0.000000
0.000000;0.000000;0.000000
0.000000;0.000000;0.000000
0.000000;0.000000;0.000000
33.216515;-1.025342;206.723541
24.889587;7.667675;180.724289
0.000000;0.000000;0.000000
-37.780804;20.138960;184.640060
0.000000;0.000000;0.000000
0.000000;0.000000;0.000000
0.000000;0.000000;0.000000
0.000000;0.000000;0.000000
0.000000;0.000000;0.000000
0.092036;-1.758809;15.104491
0.000000;0.000000;0.000000
0.000000;0.000000;0.000000
0.000000;0.000000;0.000000
0.000000;0.000000;0.000000
0.000000;0.000000;0.000000
0.105583;-1.631443;14.805585
0.000000;0.000000;0.000000
0.000000;0.000000;0.000000
0.335134;-1.496257;14.689785
0.000000;0.000000;0.000000
9.890157;6.820748;29.608444
0.000000;0.000000;0.000000
0.000000;0.000000;0.000000
0.000000;0.000000;0.000000
10.246996;6.189363;26.214468
0.000000;0.000000;0.000000
0.000000;0.000000;0.000000
10.286209;6.014074;25.866470
-5.187940;2.921121;12.269747
0.000000;0.000000;0.000000
0.000000;0.000000;0.000000
0.360711;-1.565683;15.207045
-20.333889;5.741285;43.280998
0.000000;0.000000;0.000000
0.000000;0.000000;0.000000
0.000000;0.000000;0.000000
-9.329623;9.706790;65.613876
0.000000;0.000000;0.000000
0.000000;0.000000;0.000000
0.000000;0.000000;0.000000
-35.951923;16.699562;115.138405
0.000000;0.000000;0.000000
17.910089;5.802641;116.303322
2.747187;-3.300606;15.497414
0.000000;0.000000;0.000000
0.000000;0.000000;0.000000
0.000000;0.000000;0.000000
23.877024;13.607107;82.724289
0.000000;0.000000;0.000000
0.000000;0.000000;0.000000
0.000000;0.000000;0.000000
0.088622;-1.532909;14.817643
32.197872;9.858233;198.463684
0.000000;0.000000;0.000000
1.921978;-3.255704;15.482045
25.990759;8.326317;196.133530
0.000000;0.000000;0.000000
0.000000;0.000000;0.000000
0.000000;0.000000;0.000000
0.000000;0.000000;0.000000
0.000000;0.000000;0.000000
0.000000;0.000000;0.000000
0.000000;0.000000;0.000000
0.000000;0.000000;0.000000
0.000000;0.000000;0.000000
0.000000;0.000000;0.000000
0.000000;0.000000;0.000000
29.962425;-58.234875;138.493271
0.000000;0.000000;0.000000
0.000000;0.000000;0.000000
0.000000;0.000000;0.000000
0.000000;0.000000;0.000000
0.000000;0.000000;0.000000
44.398857;-21.623480;80.596756
0.000000;0.000000;0.000000
0.000000;0.000000;0.000000
0.000000;0.000000;0.000000
0.342674;-1.735178;14.971320
-4.146744;2.376735;10.633683
0.000000;0.000000;0.000000
3.957173;3.481457;30.682585
0.000000;0.000000;0.000000
0.000000;0.000000;0.000000
0.000000;0.000000;0.000000
0.000000;0.000000;0.000000
0.000000;0.000000;0.000000
0.000000;0.000000;0.000000
0.000000;0.000000;0.000000
0.000000;0.000000;0.000000
0.000000;0.000000;0.000000
-9.021704;8.663952;47.946266
0.000000;0.000000;0.000000
0.000000;0.000000;0.000000
0.000000;0.000000;0.000000
0.000000;0.000000;0.000000
-0.129784;17.110102;93.565353
32.552288;4.448438;201.294693
0.000000;0.000000;0.000000
0.000000;0.000000;0.000000
1.535053;-1.649091;15.328063
0.000000;0.000000;0.000000
0.000000;0.000000;0.000000
0.000000;0.000000;0.000000
0.000000;0.000000;0.000000
0.000000;0.000000;0.000000
0.000000;0.000000;0.000000
-20.947023;12.089322;85.319832
0.000000;0.000000;0.000000
0.000000;0.000000;0.000000
0.000000;0.000000;0.000000
30.820536;-3.776792;204.403412
2.448684;-1.788435;15.089462
0.000000;0.000000;0.000000
0.000000;0.000000;0.000000
-16.027388;8.153950;71.193275
6.255259;11.873520;69.999451
0.000000;0.000000;0.000000
0.000000;0.000000;0.000000
0.726193;-3.073700;15.024307
0.000000;0.000000;0.000000
1.272315;-1.638047;15.073089
0.000000;0.000000;0.000000
0.000000;0.000000;0.000000
0.000000;0.000000;0.000000
0.000000;0.000000;0.000000
0.000000;0.000000;0.000000
0.000000;0.000000;0.000000
-4.774426;2.721012;12.128619
0.000000;0.000000;0.000000
0.000000;0.000000;0.000000
0.000000;0.000000;0.000000
0.000000;0.000000;0.000000
0.000000;0.000000;0.000000
3.064713;-2.328822;15.541712
-17.714104;-2.086475;43.841698
0.000000;0.000000;0.000000
0.000000;0.000000;0.000000
5.065035;2.749691;9.344693
0.000000;0.000000;0.000000
-8.837845;7.827745;67.429733
0.000000;0.000000;0.000000
0.000000;0.000000;0.000000
0.000000;0.000000;0.000000
0.000000;0.000000;0.000000
0.000000;0.000000;0.000000
-22.714415;6.992245;47.296104
0.000000;0.000000;0.000000
0.000000;0.000000;0.000000
0.000000;0.000000;0.000000
0.000000;0.000000;0.000000
0.000000;0.000000;0.000000
0.000000;0.000000;0.000000
0.000000;0.000000;0.000000
0.000000;0.000000;0.000000
0.000000;0.000000;0.000000
0.000000;0.000000;0.000000
0.000000;0.000000;0.000000
5.764483;1.557150;10.107111
0.000000;0.000000;0.000000
0.000000;0.000000;0.000000
0.000000;0.000000;0.000000
0.000000;0.000000;0.000000
5.819478;1.584502;10.074523
0.000000;0.000000;0.000000
0.000000;0.000000;0.000000
0.000000;0.000000;0.000000
-0.632434;9.987861;67.648621
2.319561;-3.209663;15.379888
0.000000;0.000000;0.000000
12.241645;19.875185;122.042908
41.133053;21.539625;238.084564
0.000000;0.000000;0.000000
0.000000;0.000000;0.000000
0.000000;0.000000;0.000000
0.000000;0.000000;0.000000
0.000000;0.000000;0.000000
5.197467;3.410155;9.362884
-26.526001;14.356924;123.305984
0.000000;0.000000;0.000000
0.000000;0.000000;0.000000
0.000000;0.000000;0.000000
0.000000;0.000000;0.000000
0.000000;0.000000;0.000000
0.000000;0.000000;0.000000
0.000000;0.000000;0.000000
-17.480562;10.954354;94.030060
0.000000;0.000000;0.000000
12.761679;24.418653;159.631393
0.000000;0.000000;0.000000
-9.984337;9.020706;77.226273
0.000000;0.000000;0.000000
0.000000;0.000000;0.000000
0.000000;0.000000;0.000000
0.000000;0.000000;0.000000
0.000000;0.000000;0.000000
-19.445559;8.110406;90.577072
0.000000;0.000000;0.000000
26.124439;9.262218;152.642822
15.713127;11.106035;68.412445
2.483244;-3.388961;15.568813
0.000000;0.000000;0.000000
0.000000;0.000000;0.000000
0.000000;0.000000;0.000000
0.000000;0.000000;0.000000
0.000000;0.000000;0.000000
-38.451981;16.231195;182.808990
0.000000;0.000000;0.000000
0.000000;0.000000;0.000000
0.000000;0.000000;0.000000
0.000000;0.000000;0.000000
0.000000;0.000000;0.000000
26.267269;-0.942077;191.423401
0.000000;0.000000;0.000000
-20.551519;6.733308;42.931450
0.000000;0.000000;0.000000
21.901194;-3.005682;225.849442
0.000000;0.000000;0.000000
0.700459;-1.162189;-6.497927
0.440705;-1.683605;14.859181
0.000000;0.000000;0.000000
0.000000;0.000000;0.000000
0.000000;0.000000;0.000000
0.000000;0.000000;0.000000
0.000000;0.000000;0.000000
5.113184;3.357445;9.228884
0.000000;0.000000;0.000000
31.816286;-3.378956;206.023117
0.000000;0.000000;0.000000
0.000000;0.000000;0.000000
0.000000;0.000000;0.000000
0.000000;0.000000;0.000000
0.000000;0.000000;0.000000
0.000000;0.000000;0.000000
0.000000;0.000000;0.000000
0.000000;0.000000;0.000000
2.692418;-1.976106;15.317393
0.000000;0.000000;0.000000
-6.395625;7.243257;52.228924
0.000000;0.000000;0.000000
0.000000;0.000000;0.000000
0.000000;0.000000;0.000000
0.000000;0.000000;0.000000
0.000000;0.000000;0.000000
1.565006;-1.732331;15.007323
5.026703;2.841212;9.282551
0.000000;0.000000;0.000000
0.000000;0.000000;0.000000
0.955927;-1.738469;15.056951
0.000000;0.000000;0.000000
0.000000;0.000000;0.000000
34.731667;25.238838;178.376709
0.000000;0.000000;0.000000
0.000000;0.000000;0.000000
0.000000;0.000000;0.000000
0.000000;0.000000;0.000000
24.256517;9.875657;178.152573
0.406094;-1.754937;15.067712
0.000000;0.000000;0.000000
8.768270;-20.385015;-127.254913
-6.131018;13.460709;83.959404
0.000000;0.000000;0.000000
0.000000;0.000000;0.000000
0.525295;-1.767367;15.105588
0.000000;0.000000;0.000000
0.000000;0.000000;0.000000
0.000000;0.000000;0.000000
0.000000;0.000000;0.000000
0.000000;0.000000;0.000000
0.000000;0.000000;0.000000
0.000000;0.000000;0.000000
0.000000;0.000000;0.000000
0.000000;0.000000;0.000000
-2.051436;3.026440;17.989044
0.000000;0.000000;0.000000
0.000000;0.000000;0.000000
5.773112;1.546805;10.039596
0.000000;0.000000;0.000000
0.000000;0.000000;0.000000
0.000000;0.000000;0.000000
0.000000;0.000000;0.000000
-4.202482;7.927284;52.653751
0.000000;0.000000;0.000000
0.000000;0.000000;0.000000
-14.760486;13.628884;97.828835
0.000000;0.000000;0.000000
0.000000;0.000000;0.000000
0.000000;0.000000;0.000000
0.000000;0.000000;0.000000
0.000000;0.000000;0.000000
0.000000;0.000000;0.000000
0.000000;0.000000;0.000000
2.900699;-1.807692;15.238620
0.000000;0.000000;0.000000
0.000000;0.000000;0.000000
0.000000;0.000000;0.000000
0.000000;0.000000;0.000000
0.000000;0.000000;0.000000
0.000000;0.000000;0.000000
0.000000;0.000000;0.000000
0.000000;0.000000;0.000000
0.000000;0.000000;0.000000
0.000000;0.000000;0.000000
0.000000;0.000000;0.000000
0.000000;0.000000;0.000000
0.000000;0.000000;0.000000
0.000000;0.000000;0.000000
0.000000;0.000000;0.000000
0.000000;0.000000;0.000000
0.000000;0.000000;0.000000
0.000000;0.000000;0.000000
0.000000;0.000000;0.000000
0.000000;0.000000;0.000000
0.000000;0.000000;0.000000
0.000000;0.000000;0.000000
0.000000;0.000000;0.000000
0.000000;0.000000;0.000000
0.000000;0.000000;0.000000
0.000000;0.000000;0.000000
39.524925;-2.907856;228.182602
0.000000;0.000000;0.000000
0.000000;0.000000;0.000000
0.000000;0.000000;0.000000
0.000000;0.000000;0.000000
10.696181;4.950687;20.408844
0.000000;0.000000;0.000000
0.000000;0.000000;0.000000
19.081633;10.774996;66.230324
0.000000;0.000000;0.000000
0.000000;0.000000;0.000000
0.000000;0.000000;0.000000
0.000000;0.000000;0.000000
0.000000;0.000000;0.000000
0.000000;0.000000;0.000000
0.000000;0.000000;0.000000
27.201017;-2.845406;176.548065
0.000000;0.000000;0.000000
0.000000;0.000000;0.000000
0.000000;0.000000;0.000000
0.000000;0.000000;0.000000
39.348640;12.467192;296.274597
0.000000;0.000000;0.000000
0.000000;0.000000;0.000000
0.000000;0.000000;0.000000
0.000000;0.000000;0.000000
35.462456;12.514659;206.782227
0.000000;0.000000;0.000000
0.000000;0.000000;0.000000
0.000000;0.000000;0.000000
0.000000;0.000000;0.000000
0.000000;0.000000;0.000000
0.000000;0.000000;0.000000
0.000000;0.000000;0.000000
27.660860;20.149542;142.437576
0.000000;0.000000;0.000000
0.000000;0.000000;0.000000
19.592945;10.856235;66.986298
0.000000;0.000000;0.000000
0.000000;0.000000;0.000000
-19.785351;5.596111;42.101452
0.000000;0.000000;0.000000
0.000000;0.000000;0.000000
30.592632;9.296763;222.196579
0.000000;0.000000;0.000000
0.000000;0.000000;0.000000
-32.582161;15.110364;104.171822
0.000000;0.000000;0.000000
0.000000;0.000000;0.000000
0.000000;0.000000;0.000000
0.000000;0.000000;0.000000
-167.259583;-41.705845;-242.186386
0.000000;0.000000;0.000000
29.541723;15.486406;170.948822
0.000000;0.000000;0.000000
0.000000;0.000000;0.000000
0.000000;0.000000;0.000000
0.000000;0.000000;0.000000
0.000000;0.000000;0.000000
4.090081;3.589022;31.696377
0.000000;0.000000;0.000000
0.000000;0.000000;0.000000
0.000000;0.000000;0.000000
0.000000;0.000000;0.000000
0.000000;0.000000;0.000000
0.000000;0.000000;0.000000
0.000000;0.000000;0.000000
5.149664;3.377768;9.293970
0.000000;0.000000;0.000000
0.000000;0.000000;0.000000
26.841433;8.283785;165.523148
0.000000;0.000000;0.000000
0.000000;0.000000;0.000000
0.090714;-1.739684;14.965666
0.000000;0.000000;0.000000
14.238067;23.623014;141.936096
18.652996;6.074888;121.054070
0.000000;0.000000;0.000000
0.000000;0.000000;0.000000
-38.199856;14.336137;93.778343
0.000000;0.000000;0.000000
-21.647276;9.123683;102.838470
0.000000;0.000000;0.000000
0.000000;0.000000;0.000000
-0.514498;8.134422;55.117275
0.000000;0.000000;0.000000
0.000000;0.000000;0.000000
0.000000;0.000000;0.000000
0.000000;0.000000;0.000000
-17.839621;10.332397;72.770004
-0.829504;1.450295;8.799336
0.000000;0.000000;0.000000
0.000000;0.000000;0.000000
0.000000;0.000000;0.000000
-12.430946;11.530817;82.504929
0.000000;0.000000;0.000000
0.000000;0.000000;0.000000
-1.079397;1.851062;11.447845
0.000000;0.000000;0.000000
0.000000;0.000000;0.000000
0.000000;0.000000;0.000000
41.704536;-20.293344;75.790504
0.000000;0.000000;0.000000
0.000000;0.000000;0.000000
0.000000;0.000000;0.000000
5.064932;3.189362;8.562027
0.000000;0.000000;0.000000
0.000000;0.000000;0.000000
0.000000;0.000000;0.000000
0.000000;0.000000;0.000000
0.000000;0.000000;0.000000
0.000000;0.000000;0.000000
0.000000;0.000000;0.000000
0.000000;0.000000;0.000000
0.000000;0.000000;0.000000
0.000000;0.000000;0.000000
0.000000;0.000000;0.000000
0.000000;0.000000;0.000000
0.000000;0.000000;0.000000
0.000000;0.000000;0.000000
0.000000;0.000000;0.000000
0.000000;0.000000;0.000000
0.736204;-1.529178;15.105290
0.000000;0.000000;0.000000
0.000000;0.000000;0.000000
0.000000;0.000000;0.000000
0.000000;0.000000;0.000000
0.584096;-1.525743;15.074494
0.000000;0.000000;0.000000
0.000000;0.000000;0.000000
0.000000;0.000000;0.000000
27.454573;3.732003;169.947800
0.000000;0.000000;0.000000
0.000000;0.000000;0.000000
0.000000;0.000000;0.000000
0.000000;0.000000;0.000000
-0.122733;13.345707;73.067680
0.000000;0.000000;0.000000
0.000000;0.000000;0.000000
0.000000;0.000000;0.000000
0.000000;0.000000;0.000000
7.016555;-16.311232;-101.865578
0.000000;0.000000;0.000000
0.000000;0.000000;0.000000
0.000000;0.000000;0.000000
0.000000;0.000000;0.000000
-1.911419;2.831676;16.805115
0.000000;0.000000;0.000000
0.000000;0.000000;0.000000
0.000000;0.000000;0.000000
0.000000;0.000000;0.000000
0.566992;-1.734696;14.681098
0.000000;0.000000;0.000000
0.000000;0.000000;0.000000
17.991657;11.788894;74.600609
0.000000;0.000000;0.000000
0.000000;0.000000;0.000000
0.000000;0.000000;0.000000
15.999563;16.525789;97.831375
0.000000;0.000000;0.000000
0.000000;0.000000;0.000000
0.000000;0.000000;0.000000
0.000000;0.000000;0.000000
0.000000;0.000000;0.000000
0.000000;0.000000;0.000000
-4.406168;5.005960;35.989651
0.000000;0.000000;0.000000
2.711917;-3.257373;15.316753
-12.488795;23.589148;156.942307
3.030919;-2.299366;15.378424
0.000000;0.000000;0.000000
0.000000;0.000000;0.000000
0.000000;0.000000;0.000000
78.915520;59.415817;477.196594
0.748381;-3.543964;15.067273
-9.359097;8.275185;71.426216
0.000000;0.000000;0.000000
0.000000;0.000000;0.000000
0.000000;0.000000;0.000000
0.000000;0.000000;0.000000
0.000000;0.000000;0.000000
0.000000;0.000000;0.000000
-18.433672;7.706291;85.940529
0.000000;0.000000;0.000000
0.000000;0.000000;0.000000
0.000000;0.000000;0.000000
0.667202;11.032258;74.945694
0.925053;-3.559263;15.135623
26.407091;-38.547440;121.568909
0.000000;0.000000;0.000000
0.000000;0.000000;0.000000
-41.862801;10.017630;98.103516
20.258049;8.305269;149.092285
-6.650297;6.027164;51.403053
0.000000;0.000000;0.000000
0.000000;0.000000;0.000000
0.000000;0.000000;0.000000
3.482860;-1.852437;15.198593
0.000000;0.000000;0.000000
2.666241;-3.183196;15.057355
0.000000;0.000000;0.000000
0.000000;0.000000;0.000000
0.000000;0.000000;0.000000
0.344339;-1.740926;14.975194
0.000000;0.000000;0.000000
0.000000;0.000000;0.000000
0.000000;0.000000;0.000000
0.000000;0.000000;0.000000
0.000000;0.000000;0.000000
0.000000;0.000000;0.000000
5.802418;1.569944;10.171835
0.000000;0.000000;0.000000
0.000000;0.000000;0.000000
0.000000;0.000000;0.000000
0.000000;0.000000;0.000000
0.000000;0.000000;0.000000
-72.576927;4.523734;225.345291
0.000000;0.000000;0.000000
0.000000;0.000000;0.000000
1.317911;-1.744316;15.073011
0.094202;-1.486899;14.412827
2.446062;-1.791941;15.087343
0.000000;0.000000;0.000000
0.000000;0.000000;0.000000
0.000000;0.000000;0.000000
0.000000;0.000000;0.000000
0.000000;0.000000;0.000000
0.000000;0.000000;0.000000
0.000000;0.000000;0.000000
0.000000;0.000000;0.000000
0.703690;-1.746820;15.093653
0.000000;0.000000;0.000000
0.000000;0.000000;0.000000
0.000000;0.000000;0.000000
0.000000;0.000000;0.000000
-36.424778;12.028285;90.682053
0.000000;0.000000;0.000000
0.000000;0.000000;0.000000
2.512980;-2.290079;15.263437
0.137767;-3.511705;14.859214
5.227342;4.001565;10.662847
0.000000;0.000000;0.000000
0.000000;0.000000;0.000000
-9.599447;9.218862;50.986492
0.000000;0.000000;0.000000
0.400563;-1.730577;14.893261
0.437563;-3.610875;15.316436
0.000000;0.000000;0.000000
3.565486;-2.035368;15.352969
2.878962;-1.797536;15.130251
0.000000;0.000000;0.000000
0.000000;0.000000;0.000000
0.000000;0.000000;0.000000
0.000000;0.000000;0.000000
0.000000;0.000000;0.000000
0.130604;-1.610421;14.904821
0.000000;0.000000;0.000000
2.687975;-2.042010;15.335360
0.000000;0.000000;0.000000
0.000000;0.000000;0.000000
0.000000;0.000000;0.000000
0.349277;-1.553085;15.156010
0.000000;0.000000;0.000000
0.000000;0.000000;0.000000
0.000000;0.000000;0.000000
0.000000;0.000000;0.000000
0.000000;0.000000;0.000000
0.000000;0.000000;0.000000
0.000000;0.000000;0.000000
0.193132;-1.529073;14.918543
0.000000;0.000000;0.000000
34.483471;-2.360787;196.840424
0.000000;0.000000;0.000000
0.000000;0.000000;0.000000
0.000000;0.000000;0.000000
0.000000;0.000000;0.000000
0.000000;0.000000;0.000000
-31.568548;16.841791;154.363922
0.000000;0.000000;0.000000
0.743773;-3.118397;15.253663
0.000000;0.000000;0.000000
0.000000;0.000000;0.000000
0.000000;0.000000;0.000000
1.210998;-1.646268;14.791519
0.000000;0.000000;0.000000
5.208639;4.027628;10.748649
0.000000;0.000000;0.000000
3.593746;-1.930939;15.301838
0.000000;0.000000;0.000000
0.000000;0.000000;0.000000
0.000000;0.000000;0.000000
-3.304274;3.972993;26.993216
0.000000;0.000000;0.000000
0.000000;0.000000;0.000000
0.000000;0.000000;0.000000
0.000000;0.000000;0.000000
0.000000;0.000000;0.000000
0.000000;0.000000;0.000000
0.000000;0.000000;0.000000
0.000000;0.000000;0.000000
0.000000;0.000000;0.000000
0.000000;0.000000;0.000000
33.991405;24.763557;175.048569
0.000000;0.000000;0.000000
0.000000;0.000000;0.000000
-0.690455;10.763849;72.993607
0.000000;0.000000;0.000000
0.000000;0.000000;0.000000
-1.011738;1.753037;10.669665
0.000000;0.000000;0.000000
0.000000;0.000000;0.000000
0.000000;0.000000;0.000000
0.000000;0.000000;0.000000
5.091057;3.062282;8.629722
0.000000;0.000000;0.000000
0.000000;0.000000;0.000000
0.000000;0.000000;0.000000
0.000000;0.000000;0.000000
0.000000;0.000000;0.000000
0.000000;0.000000;0.000000
0.000000;0.000000;0.000000
0.000000;0.000000;0.000000
0.000000;0.000000;0.000000
0.000000;0.000000;0.000000
0.000000;0.000000;0.000000
0.000000;0.000000;0.000000
31.054424;-2.258380;179.636810
0.000000;0.000000;0.000000
0.000000;0.000000;0.000000
16.960983;9.758915;56.369812
0.000000;0.000000;0.000000
0.000000;0.000000;0.000000
4.334739;3.758616;33.454018
38.229694;13.455400;222.859055
0.000000;0.000000;0.000000
-16.752399;-1.965978;41.421829
-1.143898;1.954088;12.109970
0.000000;0.000000;0.000000
0.000000;0.000000;0.000000
0.000000;0.000000;0.000000
0.000000;0.000000;0.000000
0.000000;0.000000;0.000000
0.000000;0.000000;0.000000
0.000000;0.000000;0.000000
-42.933674;19.829155;137.266373
0.000000;0.000000;0.000000
0.000000;0.000000;0.000000
0.000000;0.000000;0.000000
43.209831;32.603481;262.029572
0.000000;0.000000;0.000000
0.000000;0.000000;0.000000
0.000000;0.000000;0.000000
0.000000;0.000000;0.000000
0.000000;0.000000;0.000000
-19.540833;5.525983;41.591568
-9.585706;8.881002;63.403507
0.000000;0.000000;0.000000
0.000000;0.000000;0.000000
0.000000;0.000000;0.000000
0.000000;0.000000;0.000000
34.779987;10.727757;214.990555
26.851015;8.171968;196.007431
0.000000;0.000000;0.000000
25.506313;8.028064;192.523773
0.000000;0.000000;0.000000
-39.845295;10.123804;96.033508
0.000000;0.000000;0.000000
0.000000;0.000000;0.000000
0.000000;0.000000;0.000000
0.000000;0.000000;0.000000
-20.387066;6.670131;42.509506
0.000000;0.000000;0.000000
0.000000;0.000000;0.000000
35.463371;4.696311;219.213028
0.000000;0.000000;0.000000
0.000000;0.000000;0.000000
0.000000;0.000000;0.000000
0.000000;0.000000;0.000000
-23.656271;13.612281;96.201401
27.447462;7.120041;41.075886
15.849928;5.178869;103.147583
0.000000;0.000000;0.000000
16.801668;9.323068;57.565563
0.000000;0.000000;0.000000
0.000000;0.000000;0.000000
0.000000;0.000000;0.000000
0.000000;0.000000;0.000000
0.000000;0.000000;0.000000
0.000000;0.000000;0.000000
0.000000;0.000000;0.000000
0.000000;0.000000;0.000000
0.000000;0.000000;0.000000
0.000000;0.000000;0.000000
0.000000;0.000000;0.000000
0.000000;0.000000;0.000000
0.000000;0.000000;0.000000
0.000000;0.000000;0.000000
0.000000;0.000000;0.000000
0.000000;0.000000;0.000000
0.000000;0.000000;0.000000
0.000000;0.000000;0.000000
0.000000;0.000000;0.000000
-33.051594;10.188895;79.937080
0.000000;0.000000;0.000000
0.000000;0.000000;0.000000
0.000000;0.000000;0.000000
0.000000;0.000000;0.000000
0.000000;0.000000;0.000000
36.334969;-1.084988;225.635971
0.000000;0.000000;0.000000
0.000000;0.000000;0.000000
0.000000;0.000000;0.000000
34.459900;-3.768907;224.447632
37.635796;-1.099465;228.389709
0.000000;0.000000;0.000000
-20.469259;6.600613;42.548744
0.000000;0.000000;0.000000
0.000000;0.000000;0.000000
0.000000;0.000000;0.000000
0.000000;0.000000;0.000000
0.631773;-1.628415;14.718505
0.000000;0.000000;0.000000
21.918032;10.779657;62.405914
0.000000;0.000000;0.000000
0.000000;0.000000;0.000000
0.000000;0.000000;0.000000
0.090237;-1.750467;15.007865
-77.236412;4.788394;239.511810
0.000000;0.000000;0.000000
0.000000;0.000000;0.000000
0.405984;-1.739263;15.005059
0.000000;0.000000;0.000000
0.000000;0.000000;0.000000
0.000000;0.000000;0.000000
0.000000;0.000000;0.000000
0.000000;0.000000;0.000000
0.000000;0.000000;0.000000
24.205940;12.059905;70.119873
0.000000;0.000000;0.000000
38.028549;-71.705666;-478.344177
21.086147;-0.318801;203.981415
0.311837;-1.622885;14.770448
0.000000;0.000000;0.000000
-2.891892;6.653057;41.521404
0.000000;0.000000;0.000000
0.000000;0.000000;0.000000
3.507242;-1.864788;15.292101
0.000000;0.000000;0.000000
0.000000;0.000000;0.000000
0.000000;0.000000;0.000000
0.000000;0.000000;0.000000
0.000000;0.000000;0.000000
0.000000;0.000000;0.000000
0.000000;0.000000;0.000000
0.000000;0.000000;0.000000
0.579821;-1.787115;15.123066
0.000000;0.000000;0.000000
0.000000;0.000000;0.000000
0.000000;0.000000;0.000000
0.000000;0.000000;0.000000
0.000000;0.000000;0.000000
0.000000;0.000000;0.000000
0.000000;0.000000;0.000000
0.000000;0.000000;0.000000
0.000000;0.000000;0.000000
-31.910194;7.880706;85.766190
-26.764414;11.228226;127.120865
0.000000;0.000000;0.000000
0.000000;0.000000;0.000000
0.050149;-3.081995;15.593665
0.000000;0.000000;0.000000
1.303747;-3.469811;15.041341
-7.258433;6.557527;56.037155
0.000000;0.000000;0.000000
0.000000;0.000000;0.000000
0.000000;0.000000;0.000000
29.970726;-1.012201;211.786377
0.000000;0.000000;0.000000
0.000000;0.000000;0.000000
5.212751;4.026336;10.754036
0.000000;0.000000;0.000000
-27.608156;15.042129;128.834351
0.349504;-3.324983;14.946207
0.000000;0.000000;0.000000
0.000000;0.000000;0.000000
0.000000;0.000000;0.000000
1.077739;-3.275720;15.398550
-4.809576;5.438075;39.194729
0.000000;0.000000;0.000000
-0.183543;18.379671;100.895111
0.000000;0.000000;0.000000
0.000000;0.000000;0.000000
0.429466;-3.545276;15.068892
3.080014;-1.797814;15.220221
0.000000;0.000000;0.000000
0.698045;-3.482093;15.190640
0.000000;0.000000;0.000000
0.000000;0.000000;0.000000
0.747482;-3.549426;15.085386
0.000000;0.000000;0.000000
0.000000;0.000000;0.000000
0.000000;0.000000;0.000000
0.000000;0.000000;0.000000
0.000000;0.000000;0.000000
0.000000;0.000000;0.000000
0.000000;0.000000;0.000000
0.000000;0.000000;0.000000
0.000000;0.000000;0.000000
0.366984;-3.464582;15.069416
0.513890;-1.589147;14.683722
0.000000;0.000000;0.000000
0.000000;0.000000;0.000000
0.000000;0.000000;0.000000
3.495614;-1.996128;15.085218
-85.769051;3.172024;254.131729
0.000000;0.000000;0.000000
0.000000;0.000000;0.000000
0.000000;0.000000;0.000000
0.000000;0.000000;0.000000
0.840015;-1.549159;15.251625
0.719203;-1.518315;14.936259
0.000000;0.000000;0.000000
0.000000;0.000000;0.000000
0.000000;0.000000;0.000000
0.000000;0.000000;0.000000
0.000000;0.000000;0.000000
0.000000;0.000000;0.000000
0.000000;0.000000;0.000000
0.000000;0.000000;0.000000
0.000000;0.000000;0.000000
0.000000;0.000000;0.000000
0.000000;0.000000;0.000000
5.015160;2.831401;9.268310
0.000000;0.000000;0.000000
0.000000;0.000000;0.000000
0.000000;0.000000;0.000000
0.000000;0.000000;0.000000
0.000000;0.000000;0.000000
0.000000;0.000000;0.000000
0.000000;0.000000;0.000000
0.000000;0.000000;0.000000
0.000000;0.000000;0.000000
0.145857;-3.579950;15.119973
0.000000;0.000000;0.000000
0.000000;0.000000;0.000000
0.000000;0.000000;0.000000
-17.803246;-2.087390;43.971821
0.000000;0.000000;0.000000
0.000000;0.000000;0.000000
0.000000;0.000000;0.000000
0.000000;0.000000;0.000000
0.000000;0.000000;0.000000
0.000000;0.000000;0.000000
0.000000;0.000000;0.000000
0.000000;0.000000;0.000000
0.000000;0.000000;0.000000
0.000000;0.000000;0.000000
0.000000;0.000000;0.000000
0.000000;0.000000;0.000000
0.000000;0.000000;0.000000
0.000000;0.000000;0.000000
0.000000;0.000000;0.000000
0.000000;0.000000;0.000000
0.000000;0.000000;0.000000
0.000000;0.000000;0.000000
0.000000;0.000000;0.000000
0.000000;0.000000;0.000000
0.000000;0.000000;0.000000
0.000000;0.000000;0.000000
18.565666;7.628177;136.818176
0.000000;0.000000;0.000000
0.000000;0.000000;0.000000
-40.270222;18.570436;128.680344
10.954283;5.244844;20.465717
0.000000;0.000000;0.000000
0.000000;0.000000;0.000000
0.000000;0.000000;0.000000
0.000000;0.000000;0.000000
25.310162;-0.705848;157.262772
-21.545618;6.940722;44.744259
26.190964;-0.715592;159.171494
33.712791;17.600540;195.077026
0.000000;0.000000;0.000000
0.000000;0.000000;0.000000
0.000000;0.000000;0.000000
0.000000;0.000000;0.000000
24.752901;7.549268;180.953491
-20.826569;6.380584;43.330982
0.000000;0.000000;0.000000
18.736609;6.079690;121.671715
23.749916;-2.510438;155.388565
0.000000;0.000000;0.000000
0.000000;0.000000;0.000000
0.000000;0.000000;0.000000
0.000000;0.000000;0.000000
0.000000;0.000000;0.000000
0.000000;0.000000;0.000000
0.000000;0.000000;0.000000
0.000000;0.000000;0.000000
0.000000;0.000000;0.000000
0.000000;0.000000;0.000000
27.617311;-40.459667;126.897980
0.000000;0.000000;0.000000
0.000000;0.000000;0.000000
0.000000;0.000000;0.000000
-1.446829;2.511874;15.288465
51.354496;16.026596;385.910614
0.000000;0.000000;0.000000
0.000000;0.000000;0.000000
0.000000;0.000000;0.000000
0.000000;0.000000;0.000000
0.000000;0.000000;0.000000
0.000000;0.000000;0.000000
0.000000;0.000000;0.000000
0.000000;0.000000;0.000000
0.000000;0.000000;0.000000
0.000000;0.000000;0.000000
0.000000;0.000000;0.000000
0.000000;0.000000;0.000000
0.000000;0.000000;0.000000
0.000000;0.000000;0.000000
0.000000;0.000000;0.000000
33.929646;19.026155;195.311813
-20.703306;6.777926;43.155979
0.000000;0.000000;0.000000
0.000000;0.000000;0.000000
0.000000;0.000000;0.000000
-19.713110;5.599979;41.961201
0.000000;0.000000;0.000000
0.000000;0.000000;0.000000
0.000000;0.000000;0.000000
0.000000;0.000000;0.000000
0.000000;0.000000;0.000000
-20.167858;6.634112;42.846874
0.000000;0.000000;0.000000
0.000000;0.000000;0.000000
0.000000;0.000000;0.000000
0.000000;0.000000;0.000000
0.000000;0.000000;0.000000
0.000000;0.000000;0.000000
0.515913;-1.701461;14.893735
5.104643;3.211225;8.825318
0.206604;-1.537770;14.994359
0.000000;0.000000;0.000000
0.000000;0.000000;0.000000
0.576984;-1.780803;15.108086
-35.803371;13.421057;88.031754
-33.055042;15.929016;152.076141
0.000000;0.000000;0.000000
0.915257;-1.529683;15.049483
-0.583351;9.271696;63.054348
0.000000;0.000000;0.000000
0.000000;0.000000;0.000000
0.000000;0.000000;0.000000
0.000000;0.000000;0.000000
-34.106472;5.547484;112.318275
0.000000;0.000000;0.000000
0.000000;0.000000;0.000000
0.000000;0.000000;0.000000
2.913605;-2.654596;15.278875
0.000000;0.000000;0.000000
0.000000;0.000000;0.000000
0.000000;0.000000;0.000000
0.000000;0.000000;0.000000
0.000000;0.000000;0.000000
14.604347;-0.220179;141.251389
0.000000;0.000000;0.000000
4.412708;3.816299;34.040550
0.000000;0.000000;0.000000
0.000000;0.000000;0.000000
31.521542;9.684985;194.562302
0.000000;0.000000;0.000000
0.000000;0.000000;0.000000
0.000000;0.000000;0.000000
0.000000;0.000000;0.000000
0.000000;0.000000;0.000000
0.000000;0.000000;0.000000
0.000000;0.000000;0.000000
0.000000;0.000000;0.000000
5.046674;3.039118;8.564764
0.000000;0.000000;0.000000
0.000000;0.000000;0.000000
0.000000;0.000000;0.000000
0.000000;0.000000;0.000000
5.796974;1.573809;10.162590
-31.315807;17.057730;146.507462
0.000000;0.000000;0.000000
0.000000;0.000000;0.000000
0.000000;0.000000;0.000000
0.000000;0.000000;0.000000
0.000000;0.000000;0.000000
0.000000;0.000000;0.000000
0.000000;0.000000;0.000000
0.000000;0.000000;0.000000
-90.722786;5.647025;281.011200
0.000000;0.000000;0.000000
0.000000;0.000000;0.000000
2.604539;-1.790492;15.078765
0.000000;0.000000;0.000000
-37.436653;11.518147;90.442680
-31.929668;13.263324;151.278595
-37.158886;9.170246;99.792091
0.000000;0.000000;0.000000
-2.766509;6.133047;38.202198
0.000000;0.000000;0.000000
0.000000;0.000000;0.000000
-1.510409;2.592451;16.036217
0.000000;0.000000;0.000000
0.000000;0.000000;0.000000
0.000000;0.000000;0.000000
0.000000;0.000000;0.000000
0.000000;0.000000;0.000000
0.000000;0.000000;0.000000
0.000000;0.000000;0.000000
0.000000;0.000000;0.000000
0.000000;0.000000;0.000000
0.000000;0.000000;0.000000
0.000000;0.000000;0.000000
-5.914062;6.700407;48.167606
0.000000;0.000000;0.000000
0.000000;0.000000;0.000000
0.000000;0.000000;0.000000
-100.161232;3.826952;296.979187
0.000000;0.000000;0.000000
5.173440;3.997009;10.673403
1.687239;-1.759258;15.398727
0.000000;0.000000;0.000000
0.000000;0.000000;0.000000
0.000000;0.000000;0.000000
0.000000;0.000000;0.000000
0.367622;-3.428185;14.934011
0.000000;0.000000;0.000000
-6.895109;4.833156;18.289335
0.492852;-3.479177;14.982523
0.377574;-3.272863;15.278491
2.442288;-2.620898;15.168896
0.000000;0.000000;0.000000
0.000000;0.000000;0.000000
0.000000;0.000000;0.000000
-6.542072;5.915917;50.433025
0.000000;0.000000;0.000000
1.215728;-1.714159;14.890690
0.360264;-3.378832;15.136496
0.000000;0.000000;0.000000
0.445296;-1.652155;15.300023
0.000000;0.000000;0.000000
5.039382;2.844460;9.307753
0.000000;0.000000;0.000000
0.000000;0.000000;0.000000
0.142635;-3.582463;15.134222
0.000000;0.000000;0.000000
0.000000;0.000000;0.000000
0.000000;0.000000;0.000000
0.000000;0.000000;0.000000
-15.251492;8.184662;74.780426
0.000000;0.000000;0.000000
0.000000;0.000000;0.000000
0.000000;0.000000;0.000000
0.000000;0.000000;0.000000
0.000000;0.000000;0.000000
0.000000;0.000000;0.000000
0.000000;0.000000;0.000000
-21.084007;6.921538;44.758144
0.000000;0.000000;0.000000
0.000000;0.000000;0.000000
0.000000;0.000000;0.000000
0.000000;0.000000;0.000000
25.035759;14.029278;144.313370
25.211935;-36.899006;115.764908
0.000000;0.000000;0.000000
0.000000;0.000000;0.000000
0.000000;0.000000;0.000000
0.000000;0.000000;0.000000
0.000000;0.000000;0.000000
0.000000;0.000000;0.000000
0.000000;0.000000;0.000000
0.000000;0.000000;0.000000
0.000000;0.000000;0.000000
0.000000;0.000000;0.000000
0.000000;0.000000;0.000000
0.000000;0.000000;0.000000
32.659908;9.804631;239.118530
0.000000;0.000000;0.000000
0.000000;0.000000;0.000000
-21.039759;5.964924;44.766396
0.000000;0.000000;0.000000
0.000000;0.000000;0.000000
0.000000;0.000000;0.000000
0.000000;0.000000;0.000000
0.000000;0.000000;0.000000
0.000000;0.000000;0.000000
0.000000;0.000000;0.000000
-21.456173;12.443733;87.564491
0.000000;0.000000;0.000000
-0.485899;0.839280;5.129263
0.000000;0.000000;0.000000
0.000000;0.000000;0.000000
0.000000;0.000000;0.000000
0.000000;0.000000;0.000000
0.000000;0.000000;0.000000
-92.575890;42.616943;295.622711
-33.770100;8.126198;91.427567
0.000000;0.000000;0.000000
0.000000;0.000000;0.000000
0.000000;0.000000;0.000000
0.000000;0.000000;0.000000
0.000000;0.000000;0.000000
0.000000;0.000000;0.000000
0.000000;0.000000;0.000000
0.000000;0.000000;0.000000
0.000000;0.000000;0.000000
0.000000;0.000000;0.000000
0.000000;0.000000;0.000000
0.000000;0.000000;0.000000
-22.147455;7.058119;45.960316
0.000000;0.000000;0.000000
0.000000;0.000000;0.000000
0.000000;0.000000;0.000000
0.000000;0.000000;0.000000
0.000000;0.000000;0.000000
0.000000;0.000000;0.000000
0.000000;0.000000;0.000000
44.398865;-1.176150;269.585083
42.956326;-1.159496;266.068542
-4.153783;7.066534;43.754944
34.469387;-1.058086;244.640259
0.000000;0.000000;0.000000
0.000000;0.000000;0.000000
3.718373;-2.537710;15.459197
-17.129057;-2.003393;42.293594
0.000000;0.000000;0.000000
3.536458;-1.803855;15.183356
0.000000;0.000000;0.000000
0.000000;0.000000;0.000000
0.000000;0.000000;0.000000
26.473000;-1.812960;152.683167
0.000000;0.000000;0.000000
0.000000;0.000000;0.000000
0.000000;0.000000;0.000000
0.000000;0.000000;0.000000
0.000000;0.000000;0.000000
0.000000;0.000000;0.000000
0.000000;0.000000;0.000000
0.000000;0.000000;0.000000
0.000000;0.000000;0.000000
0.000000;0.000000;0.000000
0.000000;0.000000;0.000000
0.000000;0.000000;0.000000
0.000000;0.000000;0.000000
0.000000;0.000000;0.000000
0.000000;0.000000;0.000000
0.000000;0.000000;0.000000
0.000000;0.000000;0.000000
-0.297704;33.293427;184.153931
-42.848797;13.103615;103.573975
0.000000;0.000000;0.000000
0.000000;0.000000;0.000000
0.000000;0.000000;0.000000
0.000000;0.000000;0.000000
-22.046478;6.747339;45.853752
0.000000;0.000000;0.000000
0.000000;0.000000;0.000000
32.045738;-30.721064;80.258018
0.000000;0.000000;0.000000
0.000000;0.000000;0.000000
0.000000;0.000000;0.000000
0.000000;0.000000;0.000000
0.000000;0.000000;0.000000
0.000000;0.000000;0.000000
0.000000;0.000000;0.000000
0.000000;0.000000;0.000000
0.000000;0.000000;0.000000
22.616758;6.972305;139.972183
17.131802;7.115047;126.315689
4.082191;7.478432;35.430370
0.000000;0.000000;0.000000
1.175325;-3.189328;15.061288
0.000000;0.000000;0.000000
0.000000;0.000000;0.000000
0.000000;0.000000;0.000000
1.652891;-2.434821;15.118797
0.000000;0.000000;0.000000
-31.288486;7.696029;84.004974
0.000000;0.000000;0.000000
5.176130;3.990371;10.673195
-26.090940;10.996394;122.151421
0.000000;0.000000;0.000000
0.000000;0.000000;0.000000
0.000000;0.000000;0.000000
0.636098;-3.406941;15.316394
0.000000;0.000000;0.000000
0.000000;0.000000;0.000000
0.000000;0.000000;0.000000
0.000000;0.000000;0.000000
0.000000;0.000000;0.000000
-24.832729;13.581759;116.332329
0.000000;0.000000;0.000000
1.591193;-3.250366;15.121477
-76.445801;2.964238;226.988907
0.000000;0.000000;0.000000
0.000000;0.000000;0.000000
1.698355;-1.772494;15.494175
0.000000;0.000000;0.000000
0.617595;-1.665114;14.972173
0.000000;0.000000;0.000000
0.000000;0.000000;0.000000
0.000000;0.000000;0.000000
0.000000;0.000000;0.000000
0.000000;0.000000;0.000000
0.000000;0.000000;0.000000
0.000000;0.000000;0.000000
0.000000;0.000000;0.000000
0.000000;0.000000;0.000000
0.000000;0.000000;0.000000
0.406764;-1.678204;15.080434
0.000000;0.000000;0.000000
0.000000;0.000000;0.000000
-33.988525;5.482953;112.030647
0.000000;0.000000;0.000000
0.000000;0.000000;0.000000
0.000000;0.000000;0.000000
0.000000;0.000000;0.000000
0.000000;0.000000;0.000000
0.000000;0.000000;0.000000
0.376534;-3.496795;15.193407
0.000000;0.000000;0.000000
-10.346213;11.688602;84.174515
0.000000;0.000000;0.000000
0.000000;0.000000;0.000000
1.628970;-3.508512;15.175829
0.000000;0.000000;0.000000
0.000000;0.000000;0.000000
0.000000;0.000000;0.000000
0.000000;0.000000;0.000000
0.000000;0.000000;0.000000
23.164431;11.764020;130.995148
0.000000;0.000000;0.000000
0.000000;0.000000;0.000000
0.000000;0.000000;0.000000
0.000000;0.000000;0.000000
0.000000;0.000000;0.000000
0.000000;0.000000;0.000000
53.030075;27.491570;306.740417
0.000000;0.000000;0.000000
0.000000;0.000000;0.000000
0.000000;0.000000;0.000000
0.000000;0.000000;0.000000
0.000000;0.000000;0.000000
0.000000;0.000000;0.000000
0.000000;0.000000;0.000000
0.000000;0.000000;0.000000
0.000000;0.000000;0.000000
0.000000;0.000000;0.000000
0.000000;0.000000;0.000000
0.000000;0.000000;0.000000
22.168219;12.507143;128.187668
0.000000;0.000000;0.000000
53.138321;20.778843;307.378906
0.000000;0.000000;0.000000
0.000000;0.000000;0.000000
0.000000;0.000000;0.000000
0.000000;0.000000;0.000000
0.000000;0.000000;0.000000
0.000000;0.000000;0.000000
0.000000;0.000000;0.000000
0.000000;0.000000;0.000000
0.000000;0.000000;0.000000
0.000000;0.000000;0.000000
0.000000;0.000000;0.000000
0.000000;0.000000;0.000000
0.000000;0.000000;0.000000
0.000000;0.000000;0.000000
0.000000;0.000000;0.000000
0.000000;0.000000;0.000000
-18.349308;10.710313;74.897011
0.000000;0.000000;0.000000
0.000000;0.000000;0.000000
0.000000;0.000000;0.000000
0.000000;0.000000;0.000000
0.000000;0.000000;0.000000
0.000000;0.000000;0.000000
28.927429;-0.735453;179.786499
0.000000;0.000000;0.000000
0.000000;0.000000;0.000000
0.000000;0.000000;0.000000
0.000000;0.000000;0.000000
-21.631763;6.898080;44.949104
0.000000;0.000000;0.000000
0.000000;0.000000;0.000000
0.000000;0.000000;0.000000
0.000000;0.000000;0.000000
0.000000;0.000000;0.000000
0.000000;0.000000;0.000000
36.131985;15.301782;267.177704
0.000000;0.000000;0.000000
0.000000;0.000000;0.000000
-132.089691;-73.204384;-752.934143
0.000000;0.000000;0.000000
53.041111;22.728186;306.813873
0.000000;0.000000;0.000000
0.000000;0.000000;0.000000
0.000000;0.000000;0.000000
0.000000;0.000000;0.000000
0.000000;0.000000;0.000000
1.623595;-2.394508;14.894656
0.000000;0.000000;0.000000
0.000000;0.000000;0.000000
0.000000;0.000000;0.000000
0.000000;0.000000;0.000000
0.000000;0.000000;0.000000
34.532837;-7.338484;194.257584
0.000000;0.000000;0.000000
0.000000;0.000000;0.000000
0.000000;0.000000;0.000000
0.000000;0.000000;0.000000
0.000000;0.000000;0.000000
0.000000;0.000000;0.000000
0.000000;0.000000;0.000000
0.679828;-2.558828;14.521062
0.000000;0.000000;0.000000
0.000000;0.000000;0.000000
0.000000;0.000000;0.000000
-32.895004;15.184819;105.267563
0.000000;0.000000;0.000000
0.000000;0.000000;0.000000
-50.872013;12.422060;136.194427
0.000000;0.000000;0.000000
0.000000;0.000000;0.000000
0.000000;0.000000;0.000000
0.000000;0.000000;0.000000
0.000000;0.000000;0.000000
0.000000;0.000000;0.000000
0.000000;0.000000;0.000000
0.000000;0.000000;0.000000
5.189342;4.001908;10.686011
-42.283226;10.223490;114.448265
0.000000;0.000000;0.000000
0.000000;0.000000;0.000000
0.000000;0.000000;0.000000
0.000000;0.000000;0.000000
0.000000;0.000000;0.000000
0.000000;0.000000;0.000000
0.000000;0.000000;0.000000
0.000000;0.000000;0.000000
0.000000;0.000000;0.000000
0.000000;0.000000;0.000000
0.000000;0.000000;0.000000
2.266442;-2.442431;15.062368
-1.571353;2.698202;16.596663
0.000000;0.000000;0.000000
32.955193;-2.252138;189.531631
0.000000;0.000000;0.000000
0.000000;0.000000;0.000000
0.000000;0.000000;0.000000
0.000000;0.000000;0.000000
2.710461;-2.565305;15.114223
0.000000;0.000000;0.000000
0.000000;0.000000;0.000000
0.000000;0.000000;0.000000
0.000000;0.000000;0.000000
0.000000;0.000000;0.000000
0.000000;0.000000;0.000000
0.000000;0.000000;0.000000
0.000000;0.000000;0.000000
0.000000;0.000000;0.000000
0.000000;0.000000;0.000000
-34.971432;14.691516;163.550217
0.000000;0.000000;0.000000
0.000000;0.000000;0.000000
0.000000;0.000000;0.000000
0.000000;0.000000;0.000000
-38.719849;11.932236;93.582054
0.000000;0.000000;0.000000
0.000000;0.000000;0.000000
0.000000;0.000000;0.000000
0.000000;0.000000;0.000000
0.000000;0.000000;0.000000
0.000000;0.000000;0.000000
0.000000;0.000000;0.000000
0.000000;0.000000;0.000000
0.000000;0.000000;0.000000
0.000000;0.000000;0.000000
0.000000;0.000000;0.000000
0.000000;0.000000;0.000000
0.000000;0.000000;0.000000
0.000000;0.000000;0.000000
35.981255;13.951883;208.533905
0.000000;0.000000;0.000000
0.000000;0.000000;0.000000
36.054115;15.278154;208.951950
0.000000;0.000000;0.000000
0.000000;0.000000;0.000000
0.000000;0.000000;0.000000
0.000000;0.000000;0.000000
0.000000;0.000000;0.000000
0.000000;0.000000;0.000000
0.000000;0.000000;0.000000
0.000000;0.000000;0.000000
0.000000;0.000000;0.000000
28.843477;-8.129128;115.952873
0.000000;0.000000;0.000000
0.000000;0.000000;0.000000
0.000000;0.000000;0.000000
-4.291200;4.999871;34.850677
0.000000;0.000000;0.000000
0.000000;0.000000;0.000000
0.000000;0.000000;0.000000
0.000000;0.000000;0.000000
0.000000;0.000000;0.000000
0.000000;0.000000;0.000000
0